position = [6.72604, 7.66176, 5.0];
up = [0.0, 1.0, 0.0];
front = [0.00497, 0.99984, -0.016729];
fovy = 15.0;
aspect = 1.5;
z_near = 0.1;
z_far = 100.0;