position = [5.66176, 0.451464, 6.72604];
up = [0.0, 1.0, 0.0];
front = [0.0, 0.0, -1.0];
fovy = 49.1;
aspect = 1.0;
z_near = 0.1;
z_far = 100.0;